[0.1589, 0.1479, -0.1609, -0.1459],
[1.2673, -0.2227, -0.6372, -0.4074],
[-0.3620, -0.3064, -0.5365, 1.2049],
[-0.5374, -0.2037, 1.1980, -0.4569],
[-0.2090, 0.8808, -0.1852, -0.4865],
[0.2160, 0.2828, 0.0424, -0.5412],
[-0.2322, -0.1352, 0.5856, -0.2182],
[0.0197, 0.0265, 0.0589, -0.1051],
[-0.1546, 0.0169, -0.0907, 0.2284],
[-0.0086, -0.3040, 0.1400, 0.1726],
[-0.0761, -0.5528, 0.7635, -0.1346],
[0.3220, -0.2594, -0.4153, 0.3528],
[-0.3565, 0.8492, -0.1827, -0.3100],
[0.6811, -0.5428, 0.2682, -0.4065],
[-0.2724, 0.6540, -0.1907, -0.1909],
[-0.6606, 0.0516, 0.1413, 0.4678],
[-0.0883, 0.5343, -0.1641, -0.2819],
[0.0317, -0.3040, -0.1798, 0.4520],
[0.2707, -0.4059, 0.3925, -0.2574],
[0.1895, 0.0354, -0.1501, -0.0748],
[0.0643, -0.0492, 0.0746, -0.0897],
[-0.1442, -0.2020, 0.1478, 0.1983],
